runtimes = [[0.0]*11 for _ in range(73)]
runtimes[1][1] =   0.7651981E+00
runtimes[1][2] =   0.3496630E+02
runtimes[1][3] =   0.3541835E+02
runtimes[1][4] =   0.2959505E+00
