runtimes = [[0.0]*11 for _ in range(73)]
runtimes[1][4] =   0.3269815E+00
runtimes[2][4] =   0.3490795E+00
runtimes[3][4] =   0.2766040E+00
runtimes[4][4] =   0.2623396E+00
runtimes[5][4] =   0.3187912E+00
runtimes[6][4] =   0.1873104E+00
runtimes[7][4] =   0.2634576E+00
runtimes[8][4] =   0.3203443E+00
runtimes[9][4] =   0.2693140E+00
runtimes[10][4] =   0.2634797E+00
runtimes[11][4] =   0.3064728E+00
runtimes[12][4] =   0.2523162E+00
runtimes[13][4] =   0.2616108E+00
runtimes[14][4] =   0.3854337E+00
runtimes[15][4] =   0.2461697E+00
runtimes[16][4] =   0.2527092E+00
runtimes[17][4] =   0.2687927E+00
runtimes[18][4] =   0.5021210E+00
runtimes[19][4] =   0.4423621E+00
runtimes[20][4] =   0.5067194E+00
runtimes[21][4] =   0.2812611E+00
runtimes[22][4] =   0.5180878E+00
runtimes[23][4] =   0.3329206E+00
runtimes[24][4] =   0.4359269E+00
runtimes[25][4] =   0.4898481E+00
runtimes[26][4] =   0.3267195E+00
runtimes[27][4] =   0.4872592E+00
runtimes[28][4] =   0.2825047E+00
runtimes[29][4] =   0.4664424E+00
runtimes[30][4] =   0.2482205E+00
runtimes[31][4] =   0.4831983E+00
runtimes[32][4] =   0.5374982E+00
runtimes[33][4] =   0.3773592E+00
runtimes[34][4] =   0.4899877E+00
runtimes[35][4] =   0.5755145E+00
runtimes[36][4] =   0.4820012E+00
runtimes[37][4] =   0.3232546E+00
runtimes[38][4] =   0.4786945E+00
runtimes[39][4] =   0.5389597E+00
runtimes[40][4] =   0.5503332E+00
runtimes[41][4] =   0.4837895E+00
runtimes[42][4] =   0.4277660E+00
runtimes[43][4] =   0.4870062E+00
runtimes[44][4] =   0.4533658E+00
runtimes[45][4] =   0.3764408E+00
runtimes[46][4] =   0.4798712E+00
runtimes[47][4] =   0.3524389E+00
runtimes[48][4] =   0.4873970E+00
runtimes[49][4] =   0.4757196E+00
runtimes[50][4] =   0.4859809E+00
runtimes[51][4] =   0.4461996E+00
runtimes[52][4] =   0.4646842E+00
runtimes[53][4] =   0.4479752E+00
runtimes[54][4] =   0.2846527E+00
runtimes[55][4] =   0.5053617E+00
runtimes[56][4] =   0.3878498E+00
runtimes[57][4] =   0.5228315E+00
runtimes[58][4] =   0.5122996E+00
runtimes[59][4] =   0.3990047E+00
runtimes[60][4] =   0.6648559E+00
runtimes[61][4] =   0.5101565E+00
runtimes[62][4] =   0.4791980E+00
runtimes[63][4] =   0.5545339E+00
runtimes[64][4] =   0.4093695E+00
runtimes[65][4] =   0.5712761E+00
runtimes[66][4] =   0.4567917E+00
runtimes[67][4] =   0.4696118E+00
runtimes[68][4] =   0.5704642E+00
runtimes[69][4] =   0.4667847E+00
runtimes[70][4] =   0.4550691E+00
runtimes[71][4] =   0.5985868E+00
runtimes[72][4] =   0.5074687E+00
