runtimes = [[0.0]*17 for _ in range(73)]
runtimes[1][1] = 0.1975435E+00
runtimes[1][4] = 0.1377413E+00
runtimes[2][1] = 0.1466662E+00
runtimes[2][4] = 0.1718014E+00
runtimes[3][1] = 0.1857293E+00
runtimes[3][4] = 0.2439396E+00
runtimes[4][1] = 0.1177444E+00
runtimes[4][4] = 0.1878304E+00
runtimes[5][1] = 0.1117807E+00
runtimes[5][4] = 0.1990437E+00
runtimes[6][1] = 0.1667367E+00
runtimes[6][4] = 0.9799794E-01
runtimes[7][1] = 0.1050934E+00
runtimes[7][4] = 0.2392831E+00
runtimes[8][1] = 0.1033792E+00
runtimes[8][4] = 0.1786577E+00
runtimes[9][1] = 0.1455154E+00
runtimes[9][4] = 0.2036690E+00
runtimes[10][1] = 0.1436734E+00
runtimes[10][4] = 0.1746309E+00
runtimes[11][1] = 0.2283969E+00
runtimes[11][4] = 0.1624574E+00
runtimes[12][1] = 0.9817045E-01
runtimes[12][4] = 0.1792521E+00
runtimes[13][1] = 0.9816839E-01
runtimes[13][4] = 0.1785750E+00
runtimes[14][1] = 0.9782962E-01
runtimes[14][4] = 0.1118496E+00
runtimes[15][1] = 0.9681778E-01
runtimes[15][4] = 0.1872346E+00
runtimes[16][1] = 0.1413518E+00
runtimes[16][4] = 0.2372858E+00
runtimes[17][1] = 0.1934296E+00
runtimes[17][4] = 0.1260277E+00
runtimes[18][1] = 0.1988445E+00
runtimes[18][4] = 0.1127304E+00
runtimes[19][1] = 0.9821559E-01
runtimes[19][3] = 0.3184950E+02
runtimes[20][1] = 0.3096781E+00
runtimes[20][3] = 0.2965894E+02
runtimes[21][1] = 0.9593157E-01
runtimes[21][3] = 0.2966193E+02
runtimes[22][1] = 0.9792060E-01
runtimes[22][3] = 0.3261799E+02
runtimes[23][1] = 0.9688453E-01
