runtimes = [[0.0]*17 for _ in range(73)]
runtimes[1][1] = 0.6462348E+00
runtimes[1][2] = 0.3837612E+00
runtimes[1][3] = 0.2946598E+02
runtimes[1][4] = 0.3409303E+02
runtimes[2][1] = 0.3896992E+00
runtimes[2][2] = 0.2657195E+00
runtimes[2][3] = 0.2497459E+02
runtimes[2][4] = 0.2859585E+02
runtimes[3][1] = 0.3040933E+00
runtimes[3][2] = 0.2279073E+00
runtimes[3][3] = 0.2396384E+02
runtimes[3][4] = 0.2938168E+02
runtimes[4][1] = 0.2641717E+00
runtimes[4][2] = 0.2117113E+00
runtimes[4][3] = 0.2390651E+02
runtimes[4][4] = 0.2812480E+02
runtimes[5][1] = 0.3024284E+00
runtimes[5][2] = 0.2306150E+00
runtimes[5][3] = 0.2355708E+02
runtimes[5][4] = 0.2775569E+02
runtimes[6][1] = 0.2983694E+00
runtimes[6][2] = 0.2329170E+00
runtimes[6][3] = 0.2367335E+02
runtimes[6][4] = 0.2763058E+02
