runtimes = [[0.0]*17 for _ in range(73)]
runtimes[1][1] = 0.7603799E+00
runtimes[1][4] = 0.2894887E+00
runtimes[1][16] = 0.3755794E+03
runtimes[2][1] = 0.5144766E+00
runtimes[2][4] = 0.2320443E+00
runtimes[10][1] = 0.3302459E+00
runtimes[10][4] = 0.2763045E+00
runtimes[10][7] = 0.7700859E+02
runtimes[11][1] = 0.2665149E+00
runtimes[11][4] = 0.3437068E+00
runtimes[11][6] = 0.1300574E+03
runtimes[12][1] = 0.2091856E+00
runtimes[12][4] = 0.2479477E+00
runtimes[12][6] = 0.1287855E+03
runtimes[13][1] = 0.2650588E+00
runtimes[13][4] = 0.4470156E+00
runtimes[13][5] = 0.5575468E+02
runtimes[14][1] = 0.2586977E+00
runtimes[14][4] = 0.2418333E+00
runtimes[14][5] = 0.5531089E+02
runtimes[15][1] = 0.2012958E+00
runtimes[15][4] = 0.3189214E+00
runtimes[16][1] = 0.4085704E+00
runtimes[16][4] = 0.2523836E+00
runtimes[17][1] = 0.1983885E+00
runtimes[17][4] = 0.3102468E+00
runtimes[18][1] = 0.2492761E+00
runtimes[18][4] = 0.2740376E+00
runtimes[1][2] = 0.3376017E+02
runtimes[1][3] = 0.3488326E+02
runtimes[1][5] = 0.5521309E+02
runtimes[2][2] = 0.3150151E+02
runtimes[2][3] = 0.3349748E+02
runtimes[2][5] = 0.5365498E+02
runtimes[3][2] = 0.3029349E+02
runtimes[3][3] = 0.3293108E+02
runtimes[3][5] = 0.5504042E+02
runtimes[4][2] = 0.3002820E+02
runtimes[4][3] = 0.3165665E+02
runtimes[4][5] = 0.5429981E+02
runtimes[5][2] = 0.3009893E+02
runtimes[3][4] = 0.3358068E+00
runtimes[4][4] = 0.2916109E+00
runtimes[5][4] = 0.2577422E+00
runtimes[6][4] = 0.2475108E+00
runtimes[7][4] = 0.3100567E+00
runtimes[8][4] = 0.2716630E+00
runtimes[9][4] = 0.2822014E+00
runtimes[3][1] = 0.3198386E+00
runtimes[4][1] = 0.3801015E+00
runtimes[5][1] = 0.3505669E+00
runtimes[6][1] = 0.2997817E+00
runtimes[7][1] = 0.2339590E+00
runtimes[8][1] = 0.2744502E+00
runtimes[9][1] = 0.3718396E+00
runtimes[19][1] = 0.4169956E+00
runtimes[20][1] = 0.2185316E+00
runtimes[21][1] = 0.2932707E+00
runtimes[22][1] = 0.2465966E+00
runtimes[23][1] = 0.1882749E+00
runtimes[24][1] = 0.2531478E+00
runtimes[25][1] = 0.2483753E+00
runtimes[26][1] = 0.2482183E+00
runtimes[27][1] = 0.1904362E+00
runtimes[28][1] = 0.2489948E+00
runtimes[29][1] = 0.2345895E+00
runtimes[30][1] = 0.2475814E+00
runtimes[31][1] = 0.1923503E+00
runtimes[32][1] = 0.2288879E+00
runtimes[33][1] = 0.2381625E+00
runtimes[34][1] = 0.1883423E+00
runtimes[35][1] = 0.2309891E+00
runtimes[36][1] = 0.1912785E+00
runtimes[37][1] = 0.1934012E+00
runtimes[38][1] = 0.2428290E+00
runtimes[39][1] = 0.3895378E+00
runtimes[40][1] = 0.1921894E+00
runtimes[41][1] = 0.1922067E+00
runtimes[42][1] = 0.2496883E+00
runtimes[43][1] = 0.2409290E+00
runtimes[44][1] = 0.2482912E+00
runtimes[45][1] = 0.3264371E+00
runtimes[46][1] = 0.1934476E+00
runtimes[47][1] = 0.2453130E+00
runtimes[48][1] = 0.2377992E+00
runtimes[49][1] = 0.2508344E+00
runtimes[50][1] = 0.2364628E+00
runtimes[51][1] = 0.1963131E+00
runtimes[52][1] = 0.2518332E+00
runtimes[53][1] = 0.1980866E+00
runtimes[54][1] = 0.1986825E+00
runtimes[55][1] = 0.2888607E+00
runtimes[56][1] = 0.2083937E+00
runtimes[57][1] = 0.1983664E+00
runtimes[58][1] = 0.2978230E+00
runtimes[59][1] = 0.2910283E+00
runtimes[60][1] = 0.2007879E+00
runtimes[61][1] = 0.2028255E+00
runtimes[62][1] = 0.4064800E+00
runtimes[63][1] = 0.3720913E+00
runtimes[64][1] = 0.1980805E+00
runtimes[65][1] = 0.2499666E+00
runtimes[66][1] = 0.2909121E+00
runtimes[67][1] = 0.2567572E+00
runtimes[68][1] = 0.2991688E+00
runtimes[69][1] = 0.2612016E+00
runtimes[70][1] = 0.2434823E+00
runtimes[71][1] = 0.3141611E+00
runtimes[72][1] = 0.2464269E+00
