runtimes = [[[0.0]*289 for _ in range(289)]for _ in range(20)]
runtimes[1][288][1] = 0.8528082E+00
runtimes[1][72][4] = 0.3723867E+00
runtimes[1][36][8] = 0.8071722E-01
runtimes[1][18][16] = 0.2507088E+00
runtimes[1][9][32] = 0.3897697E-01
runtimes[1][8][36] = 0.3594742E-01
runtimes[1][4][72] = 0.1821467E+01
runtimes[1][1][288] = 0.4856283E-01
