runtimes = [[[0.0]*289 for _ in range(289)]for _ in range(20)]
runtimes[1][288][1] = 0.8268426E+00
runtimes[1][72][4] = 0.9730646E-01
runtimes[1][36][8] = 0.7113272E-01
runtimes[1][18][16] = 0.6478420E+00
runtimes[1][9][32] = 0.3962094E-01
runtimes[1][8][36] = 0.6328047E-01
runtimes[1][4][72] = 0.2323341E+01
runtimes[1][1][288] = 0.4247061E-01
runtimes[1][32][9] = 0.9124410E-01
