runtimes = [[[0.0]*299 for _ in range(299)]for _ in range(20)]
runtimes[1][288][1] = 0.1177314E+01
runtimes[1][72][4] = 0.5233915E+00
runtimes[1][36][8] = 0.6388396E+00
runtimes[1][32][9] = 0.9439393E+00
runtimes[1][18][16] = 0.1006073E+01
runtimes[1][9][32] = 0.1104039E+01
runtimes[1][8][36] = 0.1201670E+01
runtimes[1][4][72] = 0.1264734E+01
runtimes[1][1][288] = 0.7743412E-01
