runtimes = [[[0.0]*299 for _ in range(299)]for _ in range(20)]
runtimes[1][288][1] = 0.7677921E+00
runtimes[1][72][4] = 0.4297108E-01
runtimes[1][36][8] = 0.4168207E-01
runtimes[1][32][9] = 0.6633731E-01
runtimes[1][18][16] = 0.4121860E-01
runtimes[1][9][32] = 0.4159659E-01
runtimes[1][8][36] = 0.3492228E-01
runtimes[1][4][72] = 0.1699329E+01
runtimes[1][1][288] = 0.4922955E-01
