runtimes = [[[0.0]*299 for _ in range(299)]for _ in range(20)]
runtimes[1][288][1] = 0.7645016E+00
runtimes[1][72][4] = 0.2924982E+00
runtimes[1][36][8] = 0.2953235E+00
runtimes[1][32][9] = 0.4810479E+00
runtimes[1][18][16] = 0.9041541E-01
runtimes[1][9][32] = 0.9649214E+00
runtimes[1][8][36] = 0.6504506E+00
runtimes[1][4][72] = 0.6570482E+00
runtimes[1][1][288] = 0.4116256E-01
