runtimes = [[[0.0]*299 for _ in range(299)]for _ in range(20)]
runtimes[1][288][1] = 0.1239319E+03
runtimes[1][72][4] = 0.1893222E+02
runtimes[1][36][8] = 0.1734216E+02
runtimes[1][32][9] = 0.2003891E+02
runtimes[1][18][16] = 0.1677172E+02
runtimes[1][9][32] = 0.1442184E+02
runtimes[1][8][36] = 0.1330685E+02
runtimes[1][4][72] = 0.9876187E+01
runtimes[1][1][288] = 0.8481263E+01
