runtimes = [[[0.0]*299 for _ in range(299)]for _ in range(20)]
runtimes[1][288][1] = 0.1561960E+01
runtimes[1][72][4] = 0.6943753E+00
runtimes[1][36][8] = 0.5393268E+00
runtimes[1][32][9] = 0.1255276E+01
runtimes[1][18][16] = 0.6310472E+00
runtimes[1][9][32] = 0.1265362E+01
runtimes[1][8][36] = 0.6705650E+00
runtimes[1][4][72] = 0.3968970E+00
runtimes[1][1][288] = 0.1241451E+00
