runtimes = [[[0.0]*299 for _ in range(299)]for _ in range(20)]
runtimes[1][288][1] = 0.8374349E+00
runtimes[1][72][4] = 0.5017383E+00
runtimes[1][36][8] = 0.4278155E+00
runtimes[1][32][9] = 0.8185558E+00
runtimes[1][18][16] = 0.8927380E+00
runtimes[1][9][32] = 0.1501069E+01
runtimes[1][8][36] = 0.1346270E+01
runtimes[1][4][72] = 0.3842169E+00
runtimes[1][1][288] = 0.4566849E-01
