runtimes = [[[0.0]*299 for _ in range(299)]for _ in range(20)]
runtimes[1][288][1] = 0.1915975E+02
runtimes[1][72][4] = 0.5878033E+01
runtimes[1][36][8] = 0.4506946E+01
runtimes[1][32][9] = 0.5261786E+01
runtimes[1][18][16] = 0.3072812E+01
runtimes[1][9][32] = 0.2291532E+01
runtimes[1][8][36] = 0.2332016E+01
runtimes[1][4][72] = 0.1968238E+01
runtimes[1][1][288] = 0.2169849E+01
