runtimes = [[[0.0]*299 for _ in range(299)]for _ in range(20)]
runtimes[1][288][1] = 0.5239535E+01
runtimes[1][72][4] = 0.1125417E+01
runtimes[1][36][8] = 0.7195376E+00
runtimes[1][32][9] = 0.1716043E+01
runtimes[1][18][16] = 0.6099207E+00
runtimes[1][9][32] = 0.6127874E+00
runtimes[1][8][36] = 0.5455220E+00
runtimes[1][4][72] = 0.3965700E+00
runtimes[1][1][288] = 0.2751452E+00
