runtimes = [[0.0]*17 for _ in range(73)]
runtimes[1][1] = 0.7204005E+00
runtimes[1][4] = 0.2714912E+00
